%YAML:1.0

#front camera

cam0:
  T_imu_cam:
    - [0.0, 0.0, 1.0, 0.10]
    - [-1.0, 0.0, 0.0, 0.0]
    - [0.0, -1.0, 0.0, 0.0]
    - [0.0, 0.0, 0.0, 1.0]
  cam_overlaps: [0]
  camera_model: pinhole
  distortion_coeffs: [-0.044580052089537414, 0.007986589876092347, -0.020225323419941817, 0.007192386104080413]
  distortion_model: equidistant
  intrinsics: [414.17306225151333, 413.7513310151864, 402.10120958731784, 239.78421796959728]
  resolution: [768, 380]
  rostopic: /uav80/camera_front/image_raw
  timeshift_cam_imu: -0.010095620705669241 





    # - [0.003950844543504306, -0.9995238723576612, 0.030600970810386707, -0.006772341275430081]
    # - [-0.006837497223892763, -0.03062749574537199, -0.9995074812806953, 0.0035787519030664136]
    # - [0.9999688192434328, 0.0037396646256452337, -0.006955246176906904, -0.11480569838660591]
    # - [0.0, 0.0, 0.0, 1.0]
