image_width: 752
image_height: 480
camera_name: bluefox_vio_front
camera_matrix:
  rows: 3
  cols: 3
  data: [217.09030731481513, 0, 391.34523065933536, 0, 217.09030731481513, 220.41892147142084, 0, 0, 1]
distortion_model: plumb_bob
distortion_coefficients:
  rows: 1
  cols: 5
  # data: [0.007849599795381143, -0.0428506202709645, 0.04404368320767509, -0.020526488829380334, 0.0]
  data: [-0.020526488829380334, 0.04404368320767509, -0.0428506202709645, 0.007849599795381143, 0.0]
rectification_matrix:
  rows: 3
  cols: 3
  data: [1, 0, 0, 0, 1, 0, 0, 0, 1]
projection_matrix:
  rows: 3
  cols: 4
  data: [217.7455491420328, 0, 391.34523065933536, 0, 0, 217.09030731481513, 220.41892147142084, 0, 0, 0, 1, 0]
