%YAML:1.0

cam0:
  T_imu_cam: #rotation from camera to IMU R_CtoI, position of camera in IMU p_CinI
    - [0.000000, 0.000000, 1.0, 0.100000]
    - [-1.000000, 0.000000, 0.000000, 0.000000]
    - [0.000000, -1.0, 0.0, 0.000000]
    - [0.000000, 0.000000, 0.000000, 1.000000]
  cam_overlaps: [0]
  camera_model: pinhole
  distortion_coeffs: [-0.006938483313977579, -0.016893536738536115, 0.013128054786584704, -0.003829416036676568]
  distortion_model: equidistant
  intrinsics: [393.040196566085, 392.92696156703084, 479.9928206745129, 306.02337062187513] #fu, fv, cu, cv
  resolution: [960, 540]
  # rostopic: /mv_25003659/image_raw
