%YAML:1.0

cam0: # left
  T_imu_cam: #rotation from camera to IMU R_CtoI, position of camera in IMU p_CinI
    - [0.0, 0.0, 1.0, 0.07]
    - [-1.0, 0.0, 0.0, 0.04]
    - [0.0, -1.0, 0.0, 0.05]
    - [0.0, 0.0, 0.0, 1.0]
    # [  0.0000000,  0.0000000,  1.0000000;
    #   -1.0000000,  0.0000000,  0.0000000;
    #    0.0000000, -1.0000000,  0.0000000 ]
    # // from vins_mono
    # - [-0.0038690,  0.9999796,  0.0050834, 0.014]
    # - [0.9997391,  0.0039824, -0.0224914, 0.052]
    # - [-0.0225112,  0.0049951, -0.9997341, 0.0]
    # - [0.0, 0.0, 0.0, 1.0]
  cam_overlaps: [1]
  camera_model: pinhole
  # distortion_coeffs: [2.6964540481567383, 0.08444101363420486, -0.00011248434020671993, -2.117650001309812e-05, -0.0421438030898571, 3.0650618076324463, 0.8273966312408447, -0.11926021426916122]
  # distortion_coeffs: [-0.00610,-0.00568,-0.00379,-0.00115] # estimated by open_vins
  distortion_coeffs: [-0.09416355205581818, 0.42904516777461643, -0.7554269922513681, 0.4536580174830988] # kalibr calibrated
  distortion_model: equidistant
  intrinsics: [574.4097394313972, 577.8929758951325, 623.6256853290217, 373.9525731488615] # kalibr calibrated
  resolution: [1280, 720]
cam1: # right
  T_imu_cam: #rotation from camera to IMU R_CtoI, position of camera in IMU p_CinI
    - [0.0, 0.0, 1.0, 0.07]
    - [-1.0, 0.0, 0.0, -0.04]
    - [0.0, -1.0, 0.0, 0.05]
    - [0.0, 0.0, 0.0, 1.0]
    # // from vins_mono
    # - [0.9999962, -0.0027486, -0.0002334, 0.014]
    # - [-0.0027528, -0.9997892, -0.0203450, -0.022]
    # - [-0.0001774,  0.0203456, -0.9997930, 0.0]
    # - [0.0, 0.0, 0.0, 1.0]
  # T_cn_cnm1:
  #   - [0.9997283430713731, -0.01632956925105893, -0.016630851687242505, -0.0760349383797027]
  #   - [0.01631257436644234, 0.9998662716448645, -0.0011570412864493835, -0.0008078082538359113]
  #   - [0.016647521656615264, 0.000885434963241795, 0.9998610283572511, -0.002247317280365695]
  #   - [0.0, 0.0, 0.0, 1.0]
  cam_overlaps: [0]
  camera_model: pinhole
  # distortion_coeffs: [2.743543863296509, 0.07554538547992706, 0.00017176113033201545, 0.000171680556377396, -0.05180330574512482, 3.1045541763305664, 0.8386012315750122, -0.1409946084022522]
  # distortion_coeffs: [-0.00903,-0.00490,-0.00404,-0.00457] # estimated by open_vins
  distortion_coeffs: [-0.15288238444471455, 0.7226692628667927, -1.291965278142678, 0.7737769051633601] # kalibr calibrated
  distortion_model: equidistant
  intrinsics: [571.5791233327163, 575.4060678811733, 642.276476551025, 374.6546592722994] # kalibr calibrated
  resolution: [1280, 720]
